1206037
1207032
1208036
1209030
1210039
1211035
1212033
1213037
1214034
1215030
1216031
1217036
1218032
1219038
1220030
1221034
1222036
1223032
1224035
1225039
1226038
1227033
1228037
1229031
1230035
1231036
1232034
1233038
1234030
1235031
1236032
1237037
1238033
1239039
1240037
1241038
1242031
1243035
1244032
1245033
1246034
1247039
1248030
1249036
1250036
1251037
1252030
1253039
1254031
1255032
1256033
1257038
1258034
1259035
1260031
1261030
1262037
1263033
1264036
1265035
1266039
1267034
1268038
1269032
1270033
1271032
1272039
1273030
1274038
1275037
1276036
1277031
1278035
1279034
1280032
1281031
1282038
1283034
1284037
1285036
1286035
1287030
1288039
1289033
1290038
1291039
1292032
1293036
1294033
1295034
1296030
1297035
1298031
1299037
1300031
1301030
1302037
1303033
1304036
1305035
1306039
1307034
1308038
1309032
1310036
1311037
1312030
1313039
1314031
1315032
1316033
1317038
1318034
1319035
1320032
1321031
1322038
1323034
1324037
1325036
1326035
1327030
1328039
1329033
1330037
1331038
1332031
1333035
1334032
1335033
1336034
1337039
1338030
1339036
1340039
1341035
1342033
1343037
1344034
1345030
1346031
1347036
1348032
1349038
1350038
1351039
1352032
1353036
1354033
1355034
1356030
1357035
1358031
1359037
1360033
1361032
1362039
1363030
1364038
1365037
1366036
1367031
1368035
1369034
1370030
1371034
1372036
1373032
1374035
1375039
1376038
1377033
1378037
1379031
1380034
1381033
1382035
1383031
1384039
1385038
1386037
1387032
1388036
1389030
1390035
1391036
1392034
1393038
1394030
1395031
1396032
1397037
1398033
1399039
1400032
1401031
1402038
1403034
1404037
1405036
1406035
1407030
1408039
1409033
1410037
1411038
1412031
1413035
1414032
1415033
1416034
1417039
1418030
1419036
1420033
1421032
1422039
1423030
1424038
1425037
1426036
1427031
1428035
1429034
1430038
1431039
1432032
1433036
1434033
1435034
1436030
1437035
1438031
1439037
1440035
1441036
1442034
1443038
1444030
1445031
1446032
1447037
1448033
1449039
1450039
1451035
1452033
1453037
1454034
1455030
1456031
1457036
1458032
1459038
1460034
1461033
1462035
1463031
1464039
1465038
1466037
1467032
1468036
1469030
1470031
1471030
1472037
1473033
1474036
1475035
1476039
1477034
1478038
1479032
1480030
1481034
1482036
1483032
1484035
1485039
1486038
1487033
1488037
1489031
1490036
1491037
1492030
1493039
1494031
1495032
1496033
1497038
1498034
1499035
1500030
1501034
1502036
1503032
1504035
1505039
1506038
1507033
1508037
1509031
1510035
1511036
1512034
1513038
1514030
1515031
1516032
1517037
1518033
1519039
1520031
1521030
1522037
1523033
1524036
1525035
1526039
1527034
1528038
1529032
1530036
1531037
1532030
1533039
1534031
1535032
1536033
1537038
1538034
1539035
1540038
1541039
1542032
1543036
1544033
1545034
1546030
1547035
1548031
1549037
1550037
1551038
1552031
1553035
1554032
1555033
1556034
1557039
1558030
1559036
1560032
1561031
1562038
1563034
1564037
1565036
1566035
1567030
1568039
1569033
1570034
1571033
1572035
1573031
1574039
1575038
1576037
1577032
1578036
1579030
1580033
1581032
1582039
1583030
1584038
1585037
1586036
1587031
1588035
1589034
1590039
1591035
1592033
1593037
1594034
1595030
1596031
1597036
1598032
1599038
1600035
1601036
1602034
1603038
1604030
1605031
1606032
1607037
1608033
1609039
1610030
1611034
1612036
1613032
1614035
1615039
1616038
1617033
1618037
1619031
1620039
1621035
1622033
1623037
1624034
1625030
1626031
1627036
1628032
1629038
1630034
1631033
1632035
1633031
1634039
1635038
1636037
1637032
1638036
1639030
1640032
1641031
1642038
1643034
1644037
1645036
1646035
1647030
1648039
1649033
1650033
1651032
1652039
1653030
1654038
1655037
1656036
1657031
1658035
1659034
1660038
1661039
1662032
1663036
1664033
1665034
1666030
1667035
1668031
1669037
1670036
1671037
1672030
1673039
1674031
1675032
1676033
1677038
1678034
1679035
1680037
1681038
1682031
1683035
1684032
1685033
1686034
1687039
1688030
1689036
1690031
1691030
1692037
1693033
1694036
1695035
1696039
1697034
1698038
1699032
1700033
1701032
1702039
1703030
1704038
1705037
1706036
1707031
1708035
1709034
1710038
1711039
1712032
1713036
1714033
1715034
1716030
1717035
1718031
1719037
1720034
1721033
1722035
1723031
1724039
1725038
1726037
1727032
1728036
1729030
1730039
1731035
1732033
1733037
1734034
1735030
1736031
1737036
1738032
1739038
1740036
1741037
1742030
1743039
1744031
1745032
1746033
1747038
1748034
1749035
1750035
1751036
1752034
1753038
1754030
1755031
1756032
1757037
1758033
1759039
1760030
1761034
1762036
1763032
1764035
1765039
1766038
1767033
1768037
1769031
1770032
1771031
1772038
1773034
1774037
1775036
1776035
1777030
1778039
1779033
1780031
1781030
1782037
1783033
1784036
1785035
1786039
1787034
1788038
1789032
1790037
1791038
1792031
1793035
1794032
1795033
1796034
1797039
1798030
1799036
1800037
1801038
1802031
1803035
1804032
1805033
1806034
1807039
1808030
1809036
1810032
1811031
1812038
1813034
1814037
1815036
1816035
1817030
1818039
1819033
1820036
1821037
1822030
1823039
1824031
1825032
1826033
1827038
1828034
1829035
1830031
1831030
1832037
1833033
1834036
1835035
1836039
1837034
1838038
1839032
1840034
1841033
1842035
1843031
1844039
1845038
1846037
1847032
1848036
1849030
1850030
1851034
1852036
1853032
1854035
1855039
1856038
1857033
1858037
1859031
1860035
1861036
1862034
1863038
1864030
1865031
1866032
1867037
1868033
1869039
1870038
1871039
1872032
1873036
1874033
1875034
1876030
1877035
1878031
1879037
1880039
1881035
1882033
1883037
1884034
1885030
1886031
1887036
1888032
1889038
1890033
1891032
1892039
1893030
1894038
1895037
1896036
1897031
1898035
1899034
1900038
1901039
1902032
1903036
1904033
1905034
1906030
1907035
1908031
1909037
1910033
1911032
1912039
1913030
1914038
1915037
1916036
1917031
1918035
1919034
1920037
1921038
1922031
1923035
1924032
1925033
1926034
1927039
1928030
1929036
1930032
1931031
1932038
1933034
1934037
1935036
1936035
1937030
1938039
1939033
1940030
1941034
1942036
1943032
1944035
1945039
1946038
1947033
1948037
1949031
1950031
1951030
1952037
1953033
1954036
1955035
1956039
1957034
1958038
1959032
1960036
1961037
1962030
1963039
1964031
1965032
1966033
1967038
1968034
1969035
1970039
1971035
1972033
1973037
1974034
1975030
1976031
1977036
1978032
1979038
1980035
1981036
1982034
1983038
1984030
1985031
1986032
1987037
1988033
1989039
1990034
1991033
1992035
1993031
1994039
1995038
1996037
1997032
1998036
1999030
2000038
2001039
2002032
2003036
2004033
2005034
2006030
2007035
2008031
2009037
2010033
2011032
2012039
2013030
2014038
2015037
2016036
2017031
2018035
2019034
2020037
2021038
2022031
2023035
2024032
2025033
2026034
2027039
2028030
2029036
2030032
2031031
2032038
2033034
2034037
2035036
2036035
2037030
2038039
2039033
2040030
2041034
2042036
2043032
2044035
2045039
2046038
2047033
2048037
2049031
2050031
2051030
2052037
2053033
2054036
2055035
2056039
2057034
2058038
2059032
2060036
2061037
2062030
2063039
2064031
2065032
2066033
2067038
2068034
2069035
2070039
2071035
2072033
2073037
2074034
2075030
2076031
2077036
2078032
2079038
2080035
2081036
2082034
2083038
2084030
2085031
2086032
2087037
2088033
2089039
2090034
2091033
2092035
2093031
2094039
2095038
2096037
2097032
2098036
2099030
2100036
2101037
2102030
2103039
2104031
2105032
2106033
2107038
2108034
2109035
2110031
2111030
2112037
2113033
2114036
2115035
2116039
2117034
2118038
2119032
2120035
2121036
2122034
2123038
2124030
2125031
2126032
2127037
2128033
2129039
2130030
2131034
2132036
2133032
2134035
2135039
2136038
2137033
2138037
2139031
2140033
2141032
2142039
2143030
2144038
2145037
2146036
2147031
2148035
2149034
2150034
2151033
2152035
2153031
2154039
2155038
2156037
2157032
2158036
2159030
2160039
2161035
2162033
2163037
2164034
2165030
2166031
2167036
2168032
2169038
2170037
2171038
2172031
2173035
2174032
2175033
2176034
2177039
2178030
2179036
2180038
2181039
2182032
2183036
2184033
2185034
2186030
2187035
2188031
2189037
2190032
2191031
2192038
2193034
2194037
2195036
2196035
2197030
2198039
2199033
2200031
2201030
2202037
2203033
2204036
2205035
